-13.282246571051033 7.462831619597375 12.584707997091405 7.707630096725799
0.7320469193599528 -26.93557170471328 6.752704826367288 1.6841673572432874
-18.187739322477576 12.799306397300937 19.066034060313793 16.937485328655814
31.52558703466954 -21.50764155592469 -47.68859168669801 -39.11953546640871
8.043083286803103 41.514303474327406 -10.861689090959224 -8.111079362329189
-15.404741065486549 14.543256139370348 -2.74066100378898 0.6671338558520737
14.37507410942359 -57.15847243149605 1.651661768537332 -3.2284698823233327
22.257851405370282 -6.421299557433853 -4.81543211694551 8.463539597574337
-15.000762437715409 -6.776193985582916 -5.085710737985097 -2.755231671354578
10.275719952120816 -19.662180350118206 9.813905053196908 1.7629287625676127
